On input:
  Width: 8
  Height: 12
    20  30   0  10  20  30   0  10
    30   0  10  20  30   0  10  20
     0  10  20  30   0  10  20  30
    10  20  30   0  10  20  30   0
    20  30   0  10  20  30   0  10
    30   0  10  20  30   0  10  20
     0  10  20  30   0  10  20  30
    10  20  30   0  10  20  30   0
    20  30   0  10  20  30   0  10
    30   0  10  20  30   0  10  20
     0  10  20  30   0  10  20  30
    10  20  30   0  10  20  30   0

Received output:
  Width: 8
  Height: 12
    20  10  10  20  20  10  10   7
    10  10  20  20  10  10  20  12
    10  20  20  10  10  20  20   7
    20  20  10  10  20  20  10   2
    20  10  10  20  20  10  10   7
    10  10  20  20  10  10  20  12
    10  20  20  10  10  20  20   7
    20  20  10  10  20  20  10   2
    20  10  10  20  20  10  10   7
    10  10  20  20  10  10  20  12
    10  20  20  10  10  20  20   7
     7  12   7   2   7  12   7   0

While expected:
  Width: 8
  Height: 12
    20  20  10  10  20  20  10  10
    20  20  10  10  20  20  10  10
    10  10  20  20  10  10  20  20
    10  10  20  20  10  10  20  20
    20  20  10  10  20  20  10  10
    20  20  10  10  20  20  10  10
    10  10  20  20  10  10  20  20
    10  10  20  20  10  10  20  20
    20  20  10  10  20  20  10  10
    20  20  10  10  20  20  10  10
    10  10  20  20  10  10  20  20
    10  10  20  20  10  10  20  20
